38.353902597402595, -62.468009379509375, 68.07604845867466
40.00055912080015, -61.22460203993862, 64.65874874634045
41.69757926670978, -60.05081185522142, 60.967997303917876
43.4355045138757, -58.938397494504464, 57.510068865227794
45.202187021296915, -57.87214149458104, 54.212757279525825
46.981886657043546, -56.82768773185513, 50.58577582597095
48.75203390125282, -55.767212945979175, 47.10907170844027
50.476575405914815, -54.63462400673039, 43.49564925214814
52.09109743628245, -53.35158280385811, 40.24963383244411
53.4811817115882, -51.83104641278032, 38.57205481547353
54.494451296166915, -50.039546973479624, 39.91604891414322
55.04740596615056, -48.05620628473213, 44.78964412634527
55.208657189869136, -46.00077019552719, 43.699781888905456
55.44322572511012, -43.95268167175284, 32.94055227376776
56.18066252456746, -42.03949738104056, 20.46434114045849
57.72727537432631, -40.70105508259195, 16.88918114320376
59.28399876783675, -39.3714053724662, 21.361230904493247
60.08302919265685, -37.48212146436469, 28.715201488047782
60.389207070707066, -35.443579365079366, 0
61.98411151636487, -15.507273794356866, 0
endData
200
200
200
38.353902597402595, -62.468009379509375, 47.292752525252524, -55.40008152958153, 54.98432106782107, -54.776440836940836, 55.1922012987013, -46.4612316017316
55.1922012987013, -46.4612316017316, 55.40008152958153, -38.14602236652235, 59.76541042890592, -43.241037387593636, 60.389207070707066, -35.443579365079366
