60.80496753246753, -36.275100288600285, 48.390173515663065
60.92089669886705, -34.248188651272635, 67.2441515955957
60.98863857746138, -32.21900069333875, 81.03742343321923
61.032977655104474, -30.18915350186762, 90.84566112725881
61.062878427503804, -28.159038357424183, 97.58493513549851
61.08270329871504, -26.12879826189936, 103.33844055937243
61.09505714785922, -24.09849833331461, 108.10533201992818
61.10167701029154, -22.068171337365314, 111.88504566473149
61.10377280181203, -20.037834426605475, 110.57197532945055
61.10214521687752, -18.007496948219625, 106.83644731999122
61.097522138268104, -15.977164009272466, 102.96548545520649
61.09041065609002, -13.946838201580439, 98.94319526973635
61.0813086982666, -11.916520304286816, 94.75030643990061
61.070586301866044, -9.886210287974778, 90.36307453084157
61.05866136367609, -7.855906959951388, 85.75167578193359
61.045889526850246, -5.825608767340214, 80.87777540194143
61.03268988809243, -3.7953133033447553, 75.69068110068258
61.01952748904973, -1.7650175987118433, 70.12092310755162
61.006998719215034, 0.2652820945811457, 64.0687795851934
60.995941763498976, 2.29559026861594, 57.38181946302378
60.9877036032938, 4.325911609461733, 49.804999580389946
60.98484318956275, 6.35624678748323, 40.84609046190865
60.994231792858045, 8.386555686515967, 29.262106271672682
61.07441996276763, 10.29578803667283, 9.586690570914874
61.12905797011495, 8.266431699080835, 45.83684427146193
61.150049688256864, 6.236204734713624, 61.876437796550086
61.16260385724334, 4.205905977210304, 72.39677784686212
61.17006850401027, 2.1755817094800562, 80.17525484572539
61.17377509780346, 0.145246956251791, 87.05506488382201
61.174356947082565, -1.8850911556726464, 93.03619132684238
61.172220249005186, -3.9154282570758863, 90.11854893109582
61.167541452015, -5.945761115751727, 85.49396213516914
61.1604431153457, -7.97608696724318, 80.60448038173388
61.15096817097502, -10.006403119766144, 75.3985872098427
61.139113062998604, -12.036706758105304, 69.80552738454723
61.12484508199655, -14.066994856788767, 63.723436507905106
61.10808804629071, -16.097263929433517, 56.99597416138118
61.08869761328294, -18.12750955332826, 49.359961336416234
61.06649697681111, -20.15772635860365, 40.302239506136665
61.04130602958292, -22.187908221754, 28.49798679526146
61.012847763347764, -24.2180468975469, 0
60.715019680427396, -44.215829235421864, 0
endData
200
200
200
60.80496753246753, -36.275100288600285, 61.42876417426867, -28.477642266086022, 60.85701559401559, 3.9238176980418125, 61.012847763347764, 9.458550505050505
61.012847763347764, 9.458550505050505, 61.168679932679936, 14.993283312059198, 61.28089303797609, -6.220042793459427, 61.012847763347764, -24.2180468975469
