38.353902597402595, -62.468009379509375, 68.07604845867466
39.98111338711631, -61.23858028850823, 64.65874874634045
41.65770829753316, -60.07735272527542, 60.967997303917876
43.37443915664403, -58.97624949670194, 57.99279622618522
45.11977061799194, -57.92096754606281, 54.212757279525825
46.8786077793713, -56.88828206505697, 51.031648359479554
48.629715735891274, -55.84261303513361, 47.10907170844027
50.33945070180355, -54.73105585537448, 43.49564925214814
51.94843932507652, -53.47946100348415, 40.5184281579206
53.350957951811175, -52.00278151801898, 38.607219727316156
54.40042747848044, -50.25978649011487, 39.63026019327126
55.001952534554704, -48.31567949167826, 44.13627968510996
55.1974793731603, -46.28793061182357, 45.35766574350087
55.385813377154136, -44.258649586227705, 35.24368223232083
56.00581661545006, -42.32544325081817, 22.001621488284815
57.422661498121876, -40.891452419901114, 16.88803820509643
59.04676249433794, -39.67208682561563, 19.669513124063307
59.97745971116534, -37.87527059286298, 31.128846260139625
60.34966319793457, -35.87282509223975, 40.40847967562137
60.49939627774132, -33.83887671103019, 28.584336225755354
60.86754637392368, -32.088376358834395, 10.077026031422836
61.867819053584896, -30.316877248892308, 38.45132197629134
62.6754097523333, -28.444185432470363, 40.39370834271156
63.42083689413411, -26.545738026153163, 28.56276730379092
64.13105122655121, -24.63380735930738, 0.0000032011861971409918
64.13105122655122, -24.633807359307358, 0
70.96591248828531, -5.83793888953862, 0
endData
200
200
200
38.353902597402595, -62.468009379509375, 47.292752525252524, -55.40008152958153, 54.98432106782107, -54.776440836940836, 55.1922012987013, -46.4612316017316
55.1922012987013, -46.4612316017316, 55.40008152958153, -38.14602236652235, 59.76541042890592, -43.241037387593636, 60.389207070707066, -35.443579365079366
60.389207070707066, -35.443579365079366, 61.01300371250821, -27.646121342565095, 59.14192568542568, -38.353902597402595, 64.13105122655122, -24.633807359307358
